0.21093207417346493
0.24489813268991292
